$ANSIBLE_VAULT;1.1;AES256
33623261353862306330313862643539386431613939633634336662343436313438623337313864
3962373766333830343363393831616135363163376666620a353439393166626565323165653231
34383265383931303831386265626630373864363732363264646364613030383832383763383438
3265633165393034330a316462376331396333663333623631643864623137626366616432383438
38306232343236633533353330366564333037376436343063636564613164316630343131356337
63396139333061336264613231623131316335356630633463663866353230656233336333343366
34636534343832386266636638346430616433306665323963643265643838316166653863376539
34366339383631306638383636363233333363613065303565663663313739623766613362326162
31643933393239653535383831653830343036343435633963373537303463343833653333326363
30623663316436633030666337383162383862323633383734383436643266356636316261353262
34623335396566326366353462306238376430346130396264323934353038323030393766313661
34626230633833663437333639363431313735386638346432623136626139633365343861383730
63666565383534323235663563386337306332393330373735643532313934613363313066386239
61306266313738663866653933623031316537636365646664663262663837633232346637623130
65623763636334633130396463396530393837383333663761363237373834376666323165323166
37383932343462363639663932663035646139626530626461376466666439646137663337323064
31373339666364373733326238626336653034346332666162313536333334353632613662363436
62373739383064366237663132366336613534663361333036323432643430343839366631643337
36333330643932336264366266326438623463353565303335346265326363393734373762303333
34316564643064386265646261316635363731313363386365356535363263356235653361383731
36353737323435363165613365623832376365353366626535303833616432343235633139616466
66656539653664633062326331386434366465343861373837626135323139353833333665666466
39396230366435656166353963653663316464653633363337616630396139303532663439353939
34656338376363313730666539373031616534633134363265326236386134393739376562396632
61653539306632323835363361663231663233646263346331376638353638396635616662353633
30666136653062383035633937653939616562373535653964386637346365663766616332643661
36386433303430646631653934353063313565376237383161616431623332656530383834646430
37306564393633656130373165653063656538643135393637386633313064393634323137643466
30326637316630396562633636656530616365336633346262313965393031336462326338336665
36613934636564353062363839333964363966653334356631343634386464393835393533366532
62386166303537353665343966653238653865326361326239643763313239663631643862333039
66383038326434656534653133373634623766643165356634316235336638346565373361633865
65616334343137326466313437356138353062303861333636373437356133323937336233623261
31316566376562626638363738663264386539633562636466616633613261376539663130623437
63316530363938363431373461353663323832363539646631363062303564386232623539306662
37343166393832613331383536303863336639363030356563323539366661663637333837343431
36373733323364643761663138623064323336376363383735343839316565653662663533366533
33303161633030626331636361616231323330626565643862393063313832393935623532343936
62353035393137363637323331653663616630346166653630373535666361613838326436643537
63626665313930656262613130623739306238313064306138323531663336346662353438346637
62373334356439333230383961343935323166393466386435353233336135363730376133633530
63626636353364316261353236396439393163633261356332313961613438333137313963366437
30636366613938616261393865653365373133363630613830313138663138343664656265616462
63373035373361343835666330336634666265333436386336643932303532336465306462623165
66373937353435373463336466623438386363643564326430663539383537613438393039386566
38343336633939343733636663386338373033393432633963663731386361373138396139383837
30383963336232393930353366643134633430653436666238623165393238336133353836393735
63353831336262303639396662653964363335646632336436303936376538306432306666633036
61363366633563356661313733616336373637376536306362393364623637636562376639656131
65306531343132356537663564323265633461366130326230316334346134366364343531333231
30366532353531323537323833623662663366666636653563643239373632343534383630373833
39333164346364346437346561643932663639333938643565626430353365666134376436363235
33346538613837633632336132323163353837313338363938393230326532373639653661346466
35393236363638316531643636626662656333373230613563656435646332313364323163333634
65666230633231303337393530326338333363633462323161373431356537616336343038326632
61656134383061666263373561663536363030353262343933336230653831626334363731326266
64613936663333326135393866303065323435376162656662666432653133313533343531393030
38323264643064636232343165343335623166393032633665383734313530653464616235633839
37633863666163386635323034656334646363643832376162343337396237373532666536393964
65653835663566663934363863396533396435326261373931633337653339336366336665353730
62393764363637303861346236386430623439653362326335656439373166343234653964613434
39303433633732633162656633363465626535656636613237336332653561393234636264346562
30303538366165383134333731323431636430386335356430616438393138353931616466373766
33393965633631393164623164653363313232663336313234646334613132623938393331303362
32306366613536316161303662643464386435626134376165346663373335323066336535383430
32316231306232646433386633303365636336393461613936656630383463663161633538653733
61383834333634646636663166376138353435333966383764376665656231356362633835626530
62633935333432353433
